object FrmMain: TFrmMain
  Width = 870
  Height = 528
  object Listbox: TWebListBox
    Left = 40
    Top = 40
    Width = 257
    Height = 281
    HeightPercent = 100.000000000000000000
    ItemHeight = 15
    WidthPercent = 100.000000000000000000
    ItemIndex = -1
  end
  object btnAdd: TWebButton
    Left = 48
    Top = 336
    Width = 145
    Height = 33
    Caption = 'Add'
    ChildOrder = 1
    HeightPercent = 100.000000000000000000
    WidthPercent = 100.000000000000000000
    OnClick = btnAddClick
  end
end
